2.730666130803995770e+02
2.679042593556803240e+02
2.351876664601141727e+02
2.329623531188939296e+02
2.397509830022438848e+02
5.493595063043184723e+01
5.493595063043184723e+01
5.493595063043184723e+01
5.493595063043184723e+01
5.493595063043184723e+01
5.493595063043184723e+01
5.493595063043184723e+01
5.493595063043184723e+01
5.493595063043184723e+01
5.493595063043184723e+01
5.493595063043184723e+01
5.493595063043184723e+01
5.493595063043184723e+01
5.493595063043184723e+01
5.493595063043184723e+01
5.493595063043184723e+01
5.493595063043184723e+01
5.493595063043184723e+01
5.493595063043184723e+01
5.493595063043184723e+01
5.493595063043184723e+01
5.493595063043184723e+01
5.493595063043184723e+01
5.493595063043184723e+01
5.493595063043184723e+01
5.493595063043184723e+01
5.493595063043184723e+01
5.493595063043184723e+01
5.493595063043184723e+01
5.493595063043184723e+01
5.493595063043184723e+01
5.493595063043184723e+01
5.493595063043184723e+01
5.493595063043184723e+01
5.493595063043184723e+01
5.493595063043184723e+01
5.493595063043184723e+01
5.493595063043184723e+01
5.493595063043184723e+01
5.493595063043184723e+01
5.493595063043184723e+01
5.493595063043184723e+01
5.493595063043184723e+01
5.493595063043184723e+01
5.493595063043184723e+01
5.493595063043184723e+01
5.493595063043184723e+01
5.493595063043184723e+01
5.493595063043184723e+01
5.493595063043184723e+01
5.493595063043184723e+01
5.493595063043184723e+01
5.493595063043184723e+01
5.493595063043184723e+01
5.493595063043184723e+01
5.493595063043184723e+01
5.493595063043184723e+01
5.493595063043184723e+01
5.493595063043184723e+01
5.493595063043184723e+01
5.493595063043184723e+01
5.493595063043184723e+01
5.493595063043184723e+01
5.493595063043184723e+01
5.493595063043184723e+01
5.493595063043184723e+01
5.493595063043184723e+01
5.493595063043184723e+01
5.493595063043184723e+01
5.493595063043184723e+01
5.493595063043184723e+01
5.493595063043184723e+01
5.493595063043184723e+01
5.493595063043184723e+01
5.493595063043184723e+01
5.493595063043184723e+01
5.493595063043184723e+01
5.493595063043184723e+01
5.493595063043184723e+01
5.493595063043184723e+01
5.493595063043184723e+01
5.493595063043184723e+01
5.493595063043184723e+01
5.493595063043184723e+01
5.493595063043184723e+01
5.493595063043184723e+01
5.493595063043184723e+01
5.493595063043184723e+01
5.493595063043184723e+01
1.788911242507342081e+02
1.793212987418433499e+02
1.797473921917218433e+02
1.801693949032230364e+02
1.805872972722983150e+02
1.810010897882158076e+02
1.814107630337766466e+02
1.818163076855295230e+02
1.822177145139827132e+02
1.826149743838141148e+02
5.493595063043184723e+01
5.493595063043184723e+01
5.493595063043184723e+01
5.493595063043184723e+01
5.493595063043184723e+01
5.493595063043184723e+01
5.493595063043184723e+01
5.493595063043184723e+01
5.493595063043184723e+01
5.493595063043184723e+01
5.493595063043184723e+01
5.493595063043184723e+01
5.493595063043184723e+01
5.493595063043184723e+01
5.493595063043184723e+01
5.493595063043184723e+01
5.493595063043184723e+01
5.493595063043184723e+01
5.493595063043184723e+01
5.493595063043184723e+01
5.493595063043184723e+01
5.493595063043184723e+01
5.493595063043184723e+01
5.493595063043184723e+01
5.493595063043184723e+01
5.493595063043184723e+01
5.493595063043184723e+01
5.493595063043184723e+01
5.493595063043184723e+01
5.493595063043184723e+01
5.493595063043184723e+01
5.493595063043184723e+01
5.493595063043184723e+01
5.493595063043184723e+01
5.493595063043184723e+01
5.493595063043184723e+01
5.493595063043184723e+01
5.493595063043184723e+01
5.493595063043184723e+01
5.493595063043184723e+01
5.493595063043184723e+01
5.493595063043184723e+01
5.493595063043184723e+01
5.493595063043184723e+01
5.493595063043184723e+01
5.493595063043184723e+01
5.493595063043184723e+01
5.493595063043184723e+01
5.493595063043184723e+01
5.493595063043184723e+01
5.493595063043184723e+01
5.493595063043184723e+01
5.493595063043184723e+01
5.493595063043184723e+01
5.493595063043184723e+01
5.493595063043184723e+01
5.493595063043184723e+01
5.493595063043184723e+01
5.493595063043184723e+01
5.493595063043184723e+01
5.493595063043184723e+01
5.493595063043184723e+01
5.493595063043184723e+01
5.493595063043184723e+01
5.493595063043184723e+01
5.493595063043184723e+01
5.493595063043184723e+01
5.493595063043184723e+01
5.493595063043184723e+01
5.493595063043184723e+01
5.493595063043184723e+01
5.493595063043184723e+01
5.493595063043184723e+01
5.493595063043184723e+01
5.493595063043184723e+01
5.493595063043184723e+01
5.493595063043184723e+01
5.493595063043184723e+01
5.493595063043184723e+01
5.493595063043184723e+01
5.493595063043184723e+01
5.493595063043184723e+01
5.493595063043184723e+01
5.493595063043184723e+01
5.493595063043184723e+01
5.493595063043184723e+01
5.493595063043184723e+01
5.493595063043184723e+01
5.493595063043184723e+01
5.493595063043184723e+01
5.493595063043184723e+01
5.493595063043184723e+01
5.493595063043184723e+01
5.493595063043184723e+01
5.493595063043184723e+01
5.493595063043184723e+01
5.493595063043184723e+01
5.493595063043184723e+01
5.493595063043184723e+01
5.493595063043184723e+01
5.493595063043184723e+01
5.493595063043184723e+01
5.493595063043184723e+01
5.493595063043184723e+01
5.493595063043184723e+01
5.493595063043184723e+01
5.493595063043184723e+01
5.493595063043184723e+01
5.493595063043184723e+01
5.493595063043184723e+01
5.493595063043184723e+01
5.493595063043184723e+01
5.493595063043184723e+01
5.493595063043184723e+01
5.493595063043184723e+01
5.493595063043184723e+01
5.493595063043184723e+01
5.493595063043184723e+01
5.493595063043184723e+01
5.493595063043184723e+01
5.493595063043184723e+01
5.493595063043184723e+01
5.493595063043184723e+01
5.493595063043184723e+01
5.493595063043184723e+01
5.493595063043184723e+01
5.493595063043184723e+01
5.493595063043184723e+01
5.493595063043184723e+01
5.493595063043184723e+01
5.493595063043184723e+01
5.493595063043184723e+01
5.493595063043184723e+01
5.493595063043184723e+01
5.493595063043184723e+01
5.493595063043184723e+01
5.493595063043184723e+01
5.493595063043184723e+01
5.493595063043184723e+01
5.493595063043184723e+01
5.493595063043184723e+01
5.493595063043184723e+01
5.493595063043184723e+01
5.493595063043184723e+01
5.493595063043184723e+01
5.493595063043184723e+01
5.493595063043184723e+01
5.493595063043184723e+01
5.493595063043184723e+01
5.493595063043184723e+01
5.493595063043184723e+01
5.493595063043184723e+01
5.493595063043184723e+01
5.493595063043184723e+01
5.493595063043184723e+01
5.493595063043184723e+01
5.493595063043184723e+01
5.493595063043184723e+01
5.493595063043184723e+01
5.493595063043184723e+01
5.493595063043184723e+01
5.493595063043184723e+01
5.493595063043184723e+01
5.493595063043184723e+01
5.493595063043184723e+01
5.493595063043184723e+01
5.493595063043184723e+01
5.493595063043184723e+01
5.493595063043184723e+01
5.493595063043184723e+01
5.493595063043184723e+01
5.493595063043184723e+01
5.493595063043184723e+01
2.800421619975784893e+02
1.931063446333098454e+02
2.068892666621122771e+02
2.183513582555992514e+02
2.208908220639685851e+02
2.255579590814928395e+02
2.260811400885366425e+02
2.282109102297575589e+02
2.265991758815950163e+02
2.271120546710732810e+02
2.319434921299860832e+02
2.458132888118425683e+02
2.724650754998991715e+02
2.839864890021266319e+02
3.346912111665279781e+02
3.566139943159000723e+02
3.248371802186429136e+02
3.168986275126880514e+02
3.418753626887843780e+02
3.472017124017827427e+02
3.339260626335212692e+02
3.137889509447426803e+02
2.795886307963360196e+02
2.683627622910151445e+02
2.547462238602148545e+02
2.447111247926305850e+02
2.521699530954592490e+02
2.527407081292461726e+02
2.381700017279090673e+02
2.255098093760497306e+02
2.154455596028111870e+02
2.079311754013652660e+02
2.051971734582068621e+02
2.042542982535335341e+02
2.060477111787785134e+02
2.078677449249727260e+02
1.956656279532322458e+02
1.944696648314267122e+02
1.977925293305582954e+02
2.034216066439064718e+02
2.056616115018059077e+02
2.056616115018059077e+02
2.056616115018059077e+02
2.034216066439064718e+02
2.016715646697302020e+02
1.999464657089704929e+02
2.034216066439064718e+02
2.106831180281966169e+02
2.083498935335371414e+02
1.977925293305582954e+02
1.965688562846867171e+02
1.970137652154812997e+02
1.986944497770132045e+02
2.021280229404083286e+02
2.021280229404083286e+02
1.982457454181658534e+02
2.003990194347036322e+02
1.937219369966877878e+02
1.916759402637042342e+02
1.949152670033163872e+02
1.949152670033163872e+02
1.953564332423486576e+02
1.965688562846867171e+02
1.982457454181658534e+02
1.986944497770132045e+02
1.999464657089704929e+02
1.999464657089704929e+02
2.003990194347036322e+02
2.047280654834218581e+02
2.034216066439064718e+02
2.034216066439064718e+02
2.016715646697302020e+02
2.016715646697302020e+02
2.003990194347036322e+02
1.986944497770132045e+02
2.111599728186759535e+02
2.154455596028111870e+02
2.173963098242737146e+02
2.319434921299860832e+02
2.802292721078048885e+02
3.374617193141619964e+02
3.598206690025430703e+02
3.870678937330055192e+02
4.047383818312152357e+02
4.056771712894015991e+02
3.888546699362312324e+02
3.897347936684732304e+02
3.906060477138841520e+02
3.914684122442355942e+02
3.866778964686320705e+02
3.706330707068914307e+02
5.493595063043184723e+01
3.439406071827995106e+02
3.447676715566544203e+02
3.455868896172577251e+02
3.463982427206295256e+02
3.472017124017827427e+02
3.479972803751433617e+02
3.487849285349662978e+02
3.495646389557478528e+02
3.503363938926333958e+02
3.511001757818212923e+02
5.493595063043184723e+01
5.493595063043184723e+01
5.493595063043184723e+01
5.493595063043184723e+01
5.493595063043184723e+01
5.493595063043184723e+01
5.493595063043184723e+01
5.493595063043184723e+01
1.205197163797025496e+03
1.111079635462189799e+03
1.113719722045799699e+03
1.116334462303362898e+03
1.118923796727933222e+03
1.121487666390758250e+03
1.124026012942617854e+03
1.126538778615154797e+03
1.129025906222187359e+03
1.131487339161012187e+03
9.420112533628384881e+02
5.493595063043184723e+01
5.493595063043184723e+01
5.493595063043184723e+01
5.493595063043184723e+01
5.493595063043184723e+01
5.493595063043184723e+01
5.493595063043184723e+01
5.493595063043184723e+01
1.849906071249773504e+03
1.854354488722315182e+03
1.858760704308199820e+03
1.863124617729615466e+03
1.867446129671473727e+03
1.871725141783671006e+03
1.875961556683324716e+03
1.880155277956991767e+03
1.884306210162861817e+03
1.888414258832928681e+03
5.493595063043184723e+01
5.493595063043184723e+01
5.493595063043184723e+01
5.493595063043184723e+01
5.493595063043184723e+01
5.493595063043184723e+01
5.493595063043184723e+01
5.493595063043184723e+01
5.493595063043184723e+01
5.493595063043184723e+01
5.493595063043184723e+01
5.493595063043184723e+01
5.493595063043184723e+01
5.493595063043184723e+01
5.493595063043184723e+01
5.493595063043184723e+01
5.493595063043184723e+01
5.493595063043184723e+01
5.493595063043184723e+01
5.493595063043184723e+01
5.493595063043184723e+01
5.493595063043184723e+01
5.493595063043184723e+01
5.493595063043184723e+01
5.493595063043184723e+01
5.493595063043184723e+01
5.493595063043184723e+01
5.493595063043184723e+01
5.493595063043184723e+01
5.493595063043184723e+01
5.493595063043184723e+01
5.493595063043184723e+01
5.493595063043184723e+01
5.493595063043184723e+01
5.493595063043184723e+01
5.493595063043184723e+01
5.493595063043184723e+01
5.493595063043184723e+01
5.493595063043184723e+01
5.493595063043184723e+01
5.493595063043184723e+01
5.493595063043184723e+01
5.493595063043184723e+01
5.493595063043184723e+01
5.493595063043184723e+01
5.493595063043184723e+01
5.493595063043184723e+01
5.493595063043184723e+01
5.493595063043184723e+01
5.493595063043184723e+01
5.493595063043184723e+01
5.493595063043184723e+01
5.493595063043184723e+01
5.493595063043184723e+01
5.493595063043184723e+01
5.493595063043184723e+01
5.493595063043184723e+01
5.493595063043184723e+01
5.493595063043184723e+01
5.493595063043184723e+01
5.493595063043184723e+01
5.493595063043184723e+01
5.493595063043184723e+01
5.493595063043184723e+01
5.493595063043184723e+01
6.733979553861945533e+02
6.750172566454688194e+02
6.766211956846660769e+02
7.919846174032950330e+02
8.174106202873267648e+02
8.174106202873267648e+02
8.193296995794657960e+02
8.212301323510356497e+02
8.231118753514881519e+02
8.249748857556214716e+02
8.501711164032323040e+02
8.520716781095292163e+02
8.539528481447073318e+02
8.558145836966043589e+02
8.304510995386913237e+02
5.493595063043184723e+01
5.493595063043184723e+01
5.493595063043184723e+01
9.548172818833885458e+02
9.571133043387045518e+02
9.593875445579736834e+02
9.616399507834398719e+02
9.638704717542500475e+02
9.660790567076222715e+02
9.682656553799997710e+02
9.704302180081953111e+02
9.725726953305240841e+02
9.746930385879242067e+02
5.493595063043184723e+01
5.493595063043184723e+01
5.493595063043184723e+01
5.493595063043184723e+01
5.493595063043184723e+01
5.493595063043184723e+01
5.493595063043184723e+01
5.493595063043184723e+01
5.493595063043184723e+01
5.493595063043184723e+01
5.493595063043184723e+01
5.493595063043184723e+01
5.493595063043184723e+01
5.493595063043184723e+01
5.493595063043184723e+01
5.493595063043184723e+01
5.493595063043184723e+01
5.493595063043184723e+01
5.493595063043184723e+01
5.493595063043184723e+01
5.493595063043184723e+01
5.493595063043184723e+01
5.493595063043184723e+01
5.493595063043184723e+01
5.493595063043184723e+01
5.493595063043184723e+01
5.493595063043184723e+01
5.493595063043184723e+01
5.493595063043184723e+01
5.493595063043184723e+01
5.493595063043184723e+01
5.493595063043184723e+01
5.493595063043184723e+01
5.493595063043184723e+01
5.493595063043184723e+01
5.493595063043184723e+01
5.493595063043184723e+01
5.493595063043184723e+01
5.493595063043184723e+01
5.493595063043184723e+01
5.493595063043184723e+01
5.493595063043184723e+01
5.493595063043184723e+01
5.493595063043184723e+01
5.493595063043184723e+01
5.493595063043184723e+01
5.493595063043184723e+01
5.493595063043184723e+01
5.493595063043184723e+01
5.493595063043184723e+01
5.493595063043184723e+01
5.493595063043184723e+01
5.493595063043184723e+01
5.493595063043184723e+01
3.185461936121401436e+02
3.193121927487982816e+02
3.200709248946794787e+02
3.208223727823583431e+02
3.215665193101862656e+02
3.223033475426812515e+02
3.190820608145633628e+02
3.190820608145633628e+02
3.159244825911711700e+02
3.159244825911711700e+02
2.944108824824882049e+02
2.917352726014095197e+02
2.917352726014095197e+02
2.924119516879349021e+02
2.930819759864371576e+02
2.937453302483271500e+02
2.944019993768143877e+02
2.937453302483271500e+02
2.937453302483271500e+02
2.930819759864371576e+02
2.937453302483271500e+02
2.930819759864371576e+02
2.924119516879349021e+02
2.930819759864371576e+02
2.937453302483271500e+02
2.944019993768143877e+02
2.950519684272503014e+02
2.991077372934022947e+02
2.964643321111552154e+02
2.937129777893011919e+02
2.937129777893011919e+02
2.944108824824882049e+02
2.944108824824882049e+02
2.951020868954599337e+02
2.951020868954599337e+02
2.957865752976045428e+02
2.957865752976045428e+02
2.964643321111552154e+02
2.964643321111552154e+02
2.964643321111552154e+02
2.964643321111552154e+02
2.964643321111552154e+02
2.964643321111552154e+02
2.964643321111552154e+02
3.107397397940848691e+02
3.107397397940848691e+02
3.255906390802326769e+02
3.382444607561774319e+02
3.615020019237423412e+02
3.716663354871363367e+02
3.879656965472453294e+02
3.937036519404093724e+02
3.996050724008517818e+02
3.996050724008517818e+02
3.832605781316513003e+02
3.832605781316513003e+02
3.832605781316513003e+02
3.725179609910672980e+02
3.434535219017075178e+02
3.304648193929993454e+02
2.992331713622780853e+02
2.826974080980781991e+02
2.677492493960547222e+02
2.594470662713683851e+02
2.588466721944752180e+02
2.567812564027245230e+02
2.541638401794594984e+02
