1.254426647657297025e+02
1.215267617854507591e+02
1.066858570502542278e+02
1.056764101494589028e+02
1.087558692393129434e+02
2.492005241640523039e+01
2.492005241640523039e+01
2.492005241640523039e+01
2.492005241640523039e+01
2.492005241640523039e+01
2.492005241640523039e+01
2.492005241640523039e+01
2.492005241640523039e+01
2.492005241640523039e+01
2.492005241640523039e+01
2.492005241640523039e+01
2.492005241640523039e+01
2.492005241640523039e+01
2.492005241640523039e+01
2.492005241640523039e+01
2.492005241640523039e+01
2.492005241640523039e+01
2.492005241640523039e+01
2.492005241640523039e+01
2.492005241640523039e+01
2.492005241640523039e+01
2.492005241640523039e+01
2.492005241640523039e+01
2.492005241640523039e+01
2.492005241640523039e+01
2.492005241640523039e+01
2.492005241640523039e+01
2.492005241640523039e+01
2.492005241640523039e+01
2.492005241640523039e+01
2.492005241640523039e+01
2.492005241640523039e+01
2.492005241640523039e+01
2.492005241640523039e+01
2.492005241640523039e+01
2.492005241640523039e+01
2.492005241640523039e+01
2.492005241640523039e+01
2.492005241640523039e+01
2.492005241640523039e+01
2.492005241640523039e+01
2.492005241640523039e+01
2.492005241640523039e+01
2.492005241640523039e+01
2.492005241640523039e+01
2.492005241640523039e+01
2.492005241640523039e+01
2.492005241640523039e+01
2.492005241640523039e+01
2.492005241640523039e+01
2.492005241640523039e+01
2.492005241640523039e+01
2.492005241640523039e+01
2.492005241640523039e+01
2.492005241640523039e+01
2.492005241640523039e+01
2.492005241640523039e+01
2.492005241640523039e+01
2.492005241640523039e+01
2.492005241640523039e+01
2.492005241640523039e+01
2.492005241640523039e+01
2.492005241640523039e+01
2.492005241640523039e+01
2.492005241640523039e+01
2.492005241640523039e+01
2.492005241640523039e+01
2.492005241640523039e+01
2.492005241640523039e+01
2.492005241640523039e+01
2.492005241640523039e+01
2.492005241640523039e+01
2.492005241640523039e+01
2.492005241640523039e+01
2.492005241640523039e+01
2.492005241640523039e+01
2.492005241640523039e+01
2.492005241640523039e+01
2.492005241640523039e+01
2.492005241640523039e+01
2.492005241640523039e+01
2.492005241640523039e+01
2.492005241640523039e+01
2.492005241640523039e+01
2.492005241640523039e+01
2.492005241640523039e+01
2.492005241640523039e+01
2.492005241640523039e+01
2.492005241640523039e+01
9.059966883344841904e+01
8.974522909860289133e+01
8.888874691825436969e+01
8.803024178444937320e+01
8.716973323527327011e+01
8.630724085440570548e+01
8.544278427067489190e+01
8.457638315761090553e+01
8.370805723299787360e+01
8.283782625842535197e+01
2.492005241640523039e+01
2.492005241640523039e+01
2.492005241640523039e+01
2.492005241640523039e+01
2.492005241640523039e+01
2.492005241640523039e+01
2.492005241640523039e+01
2.492005241640523039e+01
2.492005241640523039e+01
2.492005241640523039e+01
2.492005241640523039e+01
2.492005241640523039e+01
2.492005241640523039e+01
2.492005241640523039e+01
2.492005241640523039e+01
2.492005241640523039e+01
2.492005241640523039e+01
2.492005241640523039e+01
2.492005241640523039e+01
2.492005241640523039e+01
2.492005241640523039e+01
2.492005241640523039e+01
2.492005241640523039e+01
2.492005241640523039e+01
2.492005241640523039e+01
2.492005241640523039e+01
2.492005241640523039e+01
2.492005241640523039e+01
2.492005241640523039e+01
2.492005241640523039e+01
2.492005241640523039e+01
2.492005241640523039e+01
2.492005241640523039e+01
2.492005241640523039e+01
2.492005241640523039e+01
2.492005241640523039e+01
2.492005241640523039e+01
2.492005241640523039e+01
2.492005241640523039e+01
2.492005241640523039e+01
2.492005241640523039e+01
2.492005241640523039e+01
2.492005241640523039e+01
2.492005241640523039e+01
2.492005241640523039e+01
2.492005241640523039e+01
2.492005241640523039e+01
2.492005241640523039e+01
2.492005241640523039e+01
2.492005241640523039e+01
2.492005241640523039e+01
2.492005241640523039e+01
2.492005241640523039e+01
2.492005241640523039e+01
2.492005241640523039e+01
2.492005241640523039e+01
2.492005241640523039e+01
2.492005241640523039e+01
2.492005241640523039e+01
2.492005241640523039e+01
2.492005241640523039e+01
2.492005241640523039e+01
2.492005241640523039e+01
2.492005241640523039e+01
2.492005241640523039e+01
2.492005241640523039e+01
2.492005241640523039e+01
2.492005241640523039e+01
2.492005241640523039e+01
2.492005241640523039e+01
2.492005241640523039e+01
2.492005241640523039e+01
2.492005241640523039e+01
2.492005241640523039e+01
2.492005241640523039e+01
2.492005241640523039e+01
2.492005241640523039e+01
2.492005241640523039e+01
2.492005241640523039e+01
2.492005241640523039e+01
2.492005241640523039e+01
2.492005241640523039e+01
2.492005241640523039e+01
2.492005241640523039e+01
2.492005241640523039e+01
2.492005241640523039e+01
2.492005241640523039e+01
2.492005241640523039e+01
2.492005241640523039e+01
2.492005241640523039e+01
2.492005241640523039e+01
2.492005241640523039e+01
2.492005241640523039e+01
2.492005241640523039e+01
2.492005241640523039e+01
2.492005241640523039e+01
2.492005241640523039e+01
2.492005241640523039e+01
2.492005241640523039e+01
2.492005241640523039e+01
2.492005241640523039e+01
2.492005241640523039e+01
2.492005241640523039e+01
2.492005241640523039e+01
2.492005241640523039e+01
2.492005241640523039e+01
2.492005241640523039e+01
2.492005241640523039e+01
2.492005241640523039e+01
2.492005241640523039e+01
2.492005241640523039e+01
2.492005241640523039e+01
2.492005241640523039e+01
2.492005241640523039e+01
2.492005241640523039e+01
2.492005241640523039e+01
2.492005241640523039e+01
2.492005241640523039e+01
2.492005241640523039e+01
2.492005241640523039e+01
2.492005241640523039e+01
2.492005241640523039e+01
2.492005241640523039e+01
2.492005241640523039e+01
2.492005241640523039e+01
2.492005241640523039e+01
2.492005241640523039e+01
2.492005241640523039e+01
2.492005241640523039e+01
2.492005241640523039e+01
2.492005241640523039e+01
2.492005241640523039e+01
2.492005241640523039e+01
2.492005241640523039e+01
2.492005241640523039e+01
2.492005241640523039e+01
2.492005241640523039e+01
2.492005241640523039e+01
2.492005241640523039e+01
2.492005241640523039e+01
2.492005241640523039e+01
2.492005241640523039e+01
2.492005241640523039e+01
2.492005241640523039e+01
2.492005241640523039e+01
2.492005241640523039e+01
2.492005241640523039e+01
2.492005241640523039e+01
2.492005241640523039e+01
2.492005241640523039e+01
2.492005241640523039e+01
2.492005241640523039e+01
2.492005241640523039e+01
2.492005241640523039e+01
2.492005241640523039e+01
2.492005241640523039e+01
2.492005241640523039e+01
2.492005241640523039e+01
2.492005241640523039e+01
2.492005241640523039e+01
2.492005241640523039e+01
2.492005241640523039e+01
2.492005241640523039e+01
2.492005241640523039e+01
2.492005241640523039e+01
2.492005241640523039e+01
2.492005241640523039e+01
2.492005241640523039e+01
2.492005241640523039e+01
2.492005241640523039e+01
2.492005241640523039e+01
2.492005241640523039e+01
2.492005241640523039e+01
1.418277583231152903e+02
9.664425397933077022e+01
1.035422159269731992e+02
1.092786680005640960e+02
1.092350110874850628e+02
1.102069620926253748e+02
1.091296728436461194e+02
1.101577157783756036e+02
1.080498999929001798e+02
1.069676681141417589e+02
1.078942912823286377e+02
1.143461725982322719e+02
1.267439148660090211e+02
1.337549983794362731e+02
1.595917185239121636e+02
1.721380585568505523e+02
1.587145004876427379e+02
1.548357467487007000e+02
1.670393068356896435e+02
1.675947373156468814e+02
1.611865631732578379e+02
1.514663520590013377e+02
1.349578111542537329e+02
1.279641442408167364e+02
1.214713332675489852e+02
1.166862697453501880e+02
1.202428830871655805e+02
1.190385258292754429e+02
1.121758584610279001e+02
1.049015035360689581e+02
1.002198671314425980e+02
9.672436419496111171e+01
9.784472509542727892e+01
9.979805543793797540e+01
1.006743117716703040e+02
1.015635749610116250e+02
9.560165613522312356e+01
9.387077087790740393e+01
9.547472207680878853e+01
9.699807675273375196e+01
9.686470863383330254e+01
9.686470863383330254e+01
9.686470863383330254e+01
9.699807675273375196e+01
9.616359948882734443e+01
9.534101586970005826e+01
9.699807675273375196e+01
1.004606029327929377e+02
1.005707760913590931e+02
9.547472207680878853e+01
9.373046120157700045e+01
9.279165336251615770e+01
9.358324017917755100e+01
9.520042124479562062e+01
9.520042124479562062e+01
9.453005679792762805e+01
9.438607665426181370e+01
9.124123284914161047e+01
9.139735877662791097e+01
9.294197573693985248e+01
9.294197573693985248e+01
9.201106539806941953e+01
9.373046120157700045e+01
9.453005679792762805e+01
9.358324017917755100e+01
9.534101586970005826e+01
9.534101586970005826e+01
9.438607665426181370e+01
9.882251478106034881e+01
9.699807675273375196e+01
9.699807675273375196e+01
9.616359948882734443e+01
9.616359948882734443e+01
9.438607665426181370e+01
9.358324017917755100e+01
9.945438573999309995e+01
1.002198671314425980e+02
1.011273071750528345e+02
1.078942912823286377e+02
1.336224843207421600e+02
1.648828135332225884e+02
1.779386504189685070e+02
1.891202459253221946e+02
1.977539949622781421e+02
1.958209206022707463e+02
1.854186275608366827e+02
1.835614675849814716e+02
1.817001300690190817e+02
1.798346573737576932e+02
1.754048730873464308e+02
1.681266173293915074e+02
2.492005241640523039e+01
1.741892183843711166e+02
1.725464509053541917e+02
1.708997565688736984e+02
1.692491728508319682e+02
1.675947373156468814e+02
1.659364876153971124e+02
1.642744614889649313e+02
1.626086967611776686e+02
1.609392313419465665e+02
1.592661032254043505e+02
2.492005241640523039e+01
2.492005241640523039e+01
2.492005241640523039e+01
2.492005241640523039e+01
2.492005241640523039e+01
2.492005241640523039e+01
2.492005241640523039e+01
2.492005241640523039e+01
6.103738482071374847e+02
5.560638760200928346e+02
5.507570891777140787e+02
5.454377680607969978e+02
5.401060337278490806e+02
5.347620075198811946e+02
5.294058110576457921e+02
5.240375662388693172e+02
5.186573952354775656e+02
5.132654204908159272e+02
4.273152560618752887e+02
2.492005241640523039e+01
2.492005241640523039e+01
2.492005241640523039e+01
2.492005241640523039e+01
2.492005241640523039e+01
2.492005241640523039e+01
2.492005241640523039e+01
2.492005241640523039e+01
9.368876076451134622e+02
9.280518799944092052e+02
9.191950314951888004e+02
9.103172637139376775e+02
9.014187786932271820e+02
8.924997789471174201e+02
8.835604674565480536e+02
8.746010476647186351e+02
8.656217234724585978e+02
8.566226992335872410e+02
2.492005241640523039e+01
2.492005241640523039e+01
2.492005241640523039e+01
2.492005241640523039e+01
2.492005241640523039e+01
2.492005241640523039e+01
2.492005241640523039e+01
2.492005241640523039e+01
2.492005241640523039e+01
2.492005241640523039e+01
2.492005241640523039e+01
2.492005241640523039e+01
2.492005241640523039e+01
2.492005241640523039e+01
2.492005241640523039e+01
2.492005241640523039e+01
2.492005241640523039e+01
2.492005241640523039e+01
2.492005241640523039e+01
2.492005241640523039e+01
2.492005241640523039e+01
2.492005241640523039e+01
2.492005241640523039e+01
2.492005241640523039e+01
2.492005241640523039e+01
2.492005241640523039e+01
2.492005241640523039e+01
2.492005241640523039e+01
2.492005241640523039e+01
2.492005241640523039e+01
2.492005241640523039e+01
2.492005241640523039e+01
2.492005241640523039e+01
2.492005241640523039e+01
2.492005241640523039e+01
2.492005241640523039e+01
2.492005241640523039e+01
2.492005241640523039e+01
2.492005241640523039e+01
2.492005241640523039e+01
2.492005241640523039e+01
2.492005241640523039e+01
2.492005241640523039e+01
2.492005241640523039e+01
2.492005241640523039e+01
2.492005241640523039e+01
2.492005241640523039e+01
2.492005241640523039e+01
2.492005241640523039e+01
2.492005241640523039e+01
2.492005241640523039e+01
2.492005241640523039e+01
2.492005241640523039e+01
2.492005241640523039e+01
2.492005241640523039e+01
2.492005241640523039e+01
2.492005241640523039e+01
2.492005241640523039e+01
2.492005241640523039e+01
2.492005241640523039e+01
2.492005241640523039e+01
2.492005241640523039e+01
2.492005241640523039e+01
2.492005241640523039e+01
2.492005241640523039e+01
3.410433692931532050e+02
3.378270108916080972e+02
3.346029641341903584e+02
3.963658607768202273e+02
4.042262025004208112e+02
4.042262025004208112e+02
4.003221057266835032e+02
3.964088983172856047e+02
3.924866693300295992e+02
3.885555080280332163e+02
4.004226986161525019e+02
3.963623595864915501e+02
3.922930000381130640e+02
3.882147125825708827e+02
3.767093259018182039e+02
2.492005241640523039e+01
2.492005241640523039e+01
2.492005241640523039e+01
4.835685945706349571e+02
4.790080898022994802e+02
4.744366836420043114e+02
4.698544801270120956e+02
4.652615835403141773e+02
4.606580984082578425e+02
4.560441294981671945e+02
4.514197818159589701e+02
4.467851606037526153e+02
4.421403713374754716e+02
2.492005241640523039e+01
2.492005241640523039e+01
2.492005241640523039e+01
2.492005241640523039e+01
2.492005241640523039e+01
2.492005241640523039e+01
2.492005241640523039e+01
2.492005241640523039e+01
2.492005241640523039e+01
2.492005241640523039e+01
2.492005241640523039e+01
2.492005241640523039e+01
2.492005241640523039e+01
2.492005241640523039e+01
2.492005241640523039e+01
2.492005241640523039e+01
2.492005241640523039e+01
2.492005241640523039e+01
2.492005241640523039e+01
2.492005241640523039e+01
2.492005241640523039e+01
2.492005241640523039e+01
2.492005241640523039e+01
2.492005241640523039e+01
2.492005241640523039e+01
2.492005241640523039e+01
2.492005241640523039e+01
2.492005241640523039e+01
2.492005241640523039e+01
2.492005241640523039e+01
2.492005241640523039e+01
2.492005241640523039e+01
2.492005241640523039e+01
2.492005241640523039e+01
2.492005241640523039e+01
2.492005241640523039e+01
2.492005241640523039e+01
2.492005241640523039e+01
2.492005241640523039e+01
2.492005241640523039e+01
2.492005241640523039e+01
2.492005241640523039e+01
2.492005241640523039e+01
2.492005241640523039e+01
2.492005241640523039e+01
2.492005241640523039e+01
2.492005241640523039e+01
2.492005241640523039e+01
2.492005241640523039e+01
2.492005241640523039e+01
2.492005241640523039e+01
2.492005241640523039e+01
2.492005241640523039e+01
2.492005241640523039e+01
1.613281808714274064e+02
1.598067050221028467e+02
1.582815922497987060e+02
1.567528772634321115e+02
1.552205948539003941e+02
1.536847798932891749e+02
1.502846867015547048e+02
1.502846867015547048e+02
1.469601403121412773e+02
1.469601403121412773e+02
1.455921785783274345e+02
1.425410048024472189e+02
1.425410048024472189e+02
1.411476455346060845e+02
1.397510739915635440e+02
1.383513219568616535e+02
1.369484212864250594e+02
1.383513219568616535e+02
1.383513219568616535e+02
1.397510739915635440e+02
1.383513219568616535e+02
1.397510739915635440e+02
1.411476455346060845e+02
1.397510739915635440e+02
1.383513219568616535e+02
1.369484212864250594e+02
1.355424039078357339e+02
1.356812871346749603e+02
1.413638920417365341e+02
1.469950232676009989e+02
1.469950232676009989e+02
1.455921785783274345e+02
1.455921785783274345e+02
1.441860204640017287e+02
1.441860204640017287e+02
1.427765809263396477e+02
1.427765809263396477e+02
1.413638920417365341e+02
1.413638920417365341e+02
1.413638920417365341e+02
1.413638920417365341e+02
1.413638920417365341e+02
1.413638920417365341e+02
1.413638920417365341e+02
1.481708734285726621e+02
1.481708734285726621e+02
1.571630429228407593e+02
1.632710598019882298e+02
1.744975064563621174e+02
1.794038440483102477e+02
1.872715677308499949e+02
1.900412865787034775e+02
1.928899102361596931e+02
1.928899102361596931e+02
1.827511815841054670e+02
1.827511815841054670e+02
1.827511815841054670e+02
1.776287502990568612e+02
1.637698749314075712e+02
1.575764366647266002e+02
1.444402575196845362e+02
1.364584221727138527e+02
1.292429257003946930e+02
1.252354506499316216e+02
1.264717303991574937e+02
1.239486606120074441e+02
1.226852302523201956e+02
