0.000000000000000000e+00 0.000000000000000000e+00 0.000000000000000000e+00
5.493595063043184723e+01 0.000000000000000000e+00 2.492005241640523039e+01
5.493595063043184723e+01 0.000000000000000000e+00 2.492005241640523039e+01
5.493595063043184723e+01 0.000000000000000000e+00 2.492005241640523039e+01
5.493595063043184723e+01 0.000000000000000000e+00 2.492005241640523039e+01
1.591943829856150785e+02 0.000000000000000000e+00 8.062422570740083927e+01
1.595771932730181106e+02 0.000000000000000000e+00 7.986386374446477987e+01
1.670474826811896492e+02 0.000000000000000000e+00 8.360253192874101558e+01
1.674444117614971503e+02 0.000000000000000000e+00 8.280467248208103115e+01
1.678375300978884184e+02 0.000000000000000000e+00 8.200492854492908634e+01
1.682268287436729679e+02 0.000000000000000000e+00 8.120331831806778666e+01
1.686122988390900446e+02 0.000000000000000000e+00 8.039986004475329651e+01
1.689939316115098507e+02 0.000000000000000000e+00 7.959457201030009799e+01
1.693717183756335487e+02 0.000000000000000000e+00 7.878747254166486869e+01
1.697456505336906787e+02 0.000000000000000000e+00 7.797858000702935044e+01
1.714370651984768585e+02 0.000000000000000000e+00 7.776730177295087287e+01
1.754988790538772605e+02 0.000000000000000000e+00 7.960982225399608581e+01
5.493595063043184723e+01 0.000000000000000000e+00 2.492005241640523039e+01
5.493595063043184723e+01 0.000000000000000000e+00 2.492005241640523039e+01
5.493595063043184723e+01 0.000000000000000000e+00 2.492005241640523039e+01
5.493595063043184723e+01 0.000000000000000000e+00 2.492005241640523039e+01
5.493595063043184723e+01 0.000000000000000000e+00 2.492005241640523039e+01
5.493595063043184723e+01 0.000000000000000000e+00 2.492005241640523039e+01
5.493595063043184723e+01 0.000000000000000000e+00 2.492005241640523039e+01
5.493595063043184723e+01 0.000000000000000000e+00 2.492005241640523039e+01
5.493595063043184723e+01 0.000000000000000000e+00 2.492005241640523039e+01
5.493595063043184723e+01 0.000000000000000000e+00 2.492005241640523039e+01
5.493595063043184723e+01 0.000000000000000000e+00 2.492005241640523039e+01
5.493595063043184723e+01 0.000000000000000000e+00 2.492005241640523039e+01
5.493595063043184723e+01 0.000000000000000000e+00 2.492005241640523039e+01
5.493595063043184723e+01 0.000000000000000000e+00 2.492005241640523039e+01
5.493595063043184723e+01 0.000000000000000000e+00 2.492005241640523039e+01
2.178275544181319674e+02 0.000000000000000000e+00 1.103190802547696734e+02
2.183513582555992514e+02 0.000000000000000000e+00 1.092786680005640960e+02
2.188701927954869291e+02 0.000000000000000000e+00 1.082357687537208761e+02
2.193840462300222782e+02 0.000000000000000000e+00 1.071904062488151226e+02
2.198929068647937299e+02 0.000000000000000000e+00 1.061426042764813502e+02
2.203967631190173790e+02 0.000000000000000000e+00 1.050923866828721316e+02
2.208956035258001123e+02 0.000000000000000000e+00 1.040397773691153844e+02
2.213894167324009459e+02 0.000000000000000000e+00 1.029848002907704796e+02
2.218781915004891800e+02 0.000000000000000000e+00 1.019274794572828853e+02
2.223619167064001942e+02 0.000000000000000000e+00 1.008678389314379444e+02
5.493595063043184723e+01 0.000000000000000000e+00 2.492005241640523039e+01
5.493595063043184723e+01 0.000000000000000000e+00 2.492005241640523039e+01
5.493595063043184723e+01 0.000000000000000000e+00 2.492005241640523039e+01
5.493595063043184723e+01 0.000000000000000000e+00 2.492005241640523039e+01
5.493595063043184723e+01 0.000000000000000000e+00 2.492005241640523039e+01
5.493595063043184723e+01 0.000000000000000000e+00 2.492005241640523039e+01
4.627774924717768954e+03 0.000000000000000000e+00 2.343743309631784541e+03
8.949929145652473608e+02 0.000000000000000000e+00 4.479185948508973070e+02
6.920870410018067105e+02 0.000000000000000000e+00 3.463699543036380533e+02
6.603210266663335233e+02 0.000000000000000000e+00 3.265421985179086732e+02
6.618712981908140591e+02 0.000000000000000000e+00 3.233883892501348214e+02
6.634065066743937678e+02 0.000000000000000000e+00 3.202272202244330970e+02
8.729554122741924402e+02 0.000000000000000000e+00 4.213767610658083527e+02
1.075698933418802426e+03 0.000000000000000000e+00 5.192413336038605394e+02
9.013115154372966344e+02 0.000000000000000000e+00 4.350642905081067511e+02
8.212301323510356497e+02 0.000000000000000000e+00 3.964088983172856047e+02
8.231118753514881519e+02 0.000000000000000000e+00 3.924866693300295992e+02
9.336861011905569967e+02 0.000000000000000000e+00 4.452120775192751694e+02
1.275037759937143846e+03 0.000000000000000000e+00 6.079797153382750139e+02
2.155161064065389382e+03 0.000000000000000000e+00 1.040299167611750363e+03
2.547429426453862561e+03 0.000000000000000000e+00 1.229647637977755494e+03
2.808796196698511267e+03 0.000000000000000000e+00 1.339325913137015732e+03
2.808796196698511267e+03 0.000000000000000000e+00 1.339325913137015732e+03
2.808796196698511267e+03 0.000000000000000000e+00 1.339325913137015732e+03
1.401650384448921068e+04 0.000000000000000000e+00 6.765785409441034972e+03
1.401650384448921068e+04 0.000000000000000000e+00 6.765785409441034972e+03
1.401650384448921068e+04 0.000000000000000000e+00 6.765785409441034972e+03
2.803329699837154112e+04 0.000000000000000000e+00 1.353171046891837432e+04
2.803329699837154112e+04 0.000000000000000000e+00 1.353171046891837432e+04
9.344175168000856502e+03 0.000000000000000000e+00 4.510446022513490789e+03
7.007962609865721788e+03 0.000000000000000000e+00 3.382753053242977785e+03
5.606196497957149404e+03 0.000000000000000000e+00 2.706118650497196086e+03
5.606196497957149404e+03 0.000000000000000000e+00 2.706118650497196086e+03
4.671653607967449716e+03 0.000000000000000000e+00 2.255013530437238387e+03
4.671653607967449716e+03 0.000000000000000000e+00 2.255013530437238387e+03
4.004095414965764121e+03 0.000000000000000000e+00 1.932782285593726328e+03
3.503402656287511491e+03 0.000000000000000000e+00 1.691097212135841346e+03
3.113953519164196678e+03 0.000000000000000000e+00 1.503109585627660181e+03
2.802374915775334102e+03 0.000000000000000000e+00 1.352710171330691992e+03
2.808796196698511267e+03 0.000000000000000000e+00 1.339325913137015732e+03
2.553266532648021439e+03 0.000000000000000000e+00 1.217481009957395145e+03
2.553266532648021439e+03 0.000000000000000000e+00 1.217481009957395145e+03
2.340309028361903074e+03 0.000000000000000000e+00 1.115935905252883003e+03
2.340309028361903074e+03 0.000000000000000000e+00 1.115935905252883003e+03
2.160099337866355199e+03 0.000000000000000000e+00 1.030006029470942849e+03
2.160099337866355199e+03 0.000000000000000000e+00 1.030006029470942849e+03
1.871725141783671006e+03 0.000000000000000000e+00 8.924997789471174201e+02
1.647383402890480284e+03 0.000000000000000000e+00 7.951942021129527802e+02
1.647383402890480284e+03 0.000000000000000000e+00 7.951942021129527802e+02
1.651158169628003861e+03 0.000000000000000000e+00 7.873262310273770481e+02
1.651158169628003861e+03 0.000000000000000000e+00 7.873262310273770481e+02
1.651158169628003861e+03 0.000000000000000000e+00 7.873262310273770481e+02
1.651158169628003861e+03 0.000000000000000000e+00 7.873262310273770481e+02
1.651158169628003861e+03 0.000000000000000000e+00 7.873262310273770481e+02
1.651158169628003861e+03 0.000000000000000000e+00 7.873262310273770481e+02
1.758526200246092685e+03 0.000000000000000000e+00 8.282495054275310622e+02
2.010159540330025948e+03 0.000000000000000000e+00 9.467664711937670745e+02
2.553266532648021439e+03 0.000000000000000000e+00 1.217481009957395145e+03
2.553266532648021439e+03 0.000000000000000000e+00 1.217481009957395145e+03
2.340309028361903074e+03 0.000000000000000000e+00 1.115935905252883003e+03
2.160099337866355199e+03 0.000000000000000000e+00 1.030006029470942849e+03
1.871725141783671006e+03 0.000000000000000000e+00 8.924997789471174201e+02
2.005620071065852244e+03 0.000000000000000000e+00 9.563452614481471983e+02
2.005620071065852244e+03 0.000000000000000000e+00 9.563452614481471983e+02
1.871725141783671006e+03 0.000000000000000000e+00 8.924997789471174201e+02
1.871725141783671006e+03 0.000000000000000000e+00 8.924997789471174201e+02
1.871725141783671006e+03 0.000000000000000000e+00 8.924997789471174201e+02
1.871725141783671006e+03 0.000000000000000000e+00 8.924997789471174201e+02
1.875961556683324716e+03 0.000000000000000000e+00 8.835604674565480536e+02
1.875961556683324716e+03 0.000000000000000000e+00 8.835604674565480536e+02
2.164988451559057012e+03 0.000000000000000000e+00 1.019689450182298742e+03
2.815153554299876305e+03 0.000000000000000000e+00 1.325911174212321384e+03
2.350849637854353205e+03 0.000000000000000000e+00 1.093556250526172562e+03
2.564766289784635319e+03 0.000000000000000000e+00 1.193064908180475641e+03
2.821446843897014787e+03 0.000000000000000000e+00 1.312466259852761823e+03
4.031345808735952687e+03 0.000000000000000000e+00 1.875280892570985316e+03
4.031345808735952687e+03 0.000000000000000000e+00 1.875280892570985316e+03
3.527245520161966851e+03 0.000000000000000000e+00 1.640786090102345725e+03
4.013270283523844228e+03 0.000000000000000000e+00 1.913658560725817551e+03
4.671653607967449716e+03 0.000000000000000000e+00 2.255013530437238387e+03
4.660842797131043881e+03 0.000000000000000000e+00 2.277274220580819474e+03
4.660842797131043881e+03 0.000000000000000000e+00 2.277274220580819474e+03
9.344175168000856502e+03 0.000000000000000000e+00 4.510446022513490789e+03
9.344175168000856502e+03 0.000000000000000000e+00 4.510446022513490789e+03
9.344175168000856502e+03 0.000000000000000000e+00 4.510446022513490789e+03
9.344175168000856502e+03 0.000000000000000000e+00 4.510446022513490789e+03
1.404862085647058484e+04 0.000000000000000000e+00 6.698842008909134165e+03
1.408041814624744802e+04 0.000000000000000000e+00 6.631746154370777731e+03
1.408041814624744802e+04 0.000000000000000000e+00 6.631746154370777731e+03
2.816112692111912111e+04 0.000000000000000000e+00 1.326362919212392626e+04
2.809753168524947250e+04 0.000000000000000000e+00 1.339782228610097809e+04
2.809753168524947250e+04 0.000000000000000000e+00 1.339782228610097809e+04
4.013270283523844228e+03 0.000000000000000000e+00 1.913658560725817551e+03
1.651158169628003861e+03 0.000000000000000000e+00 7.873262310273770481e+02
1.219412091967067909e+03 0.000000000000000000e+00 5.814555771201131620e+02
1.168413823951223321e+03 0.000000000000000000e+00 5.571379345802196212e+02
1.121487666390758250e+03 0.000000000000000000e+00 5.347620075198811946e+02
1.003044003995842900e+03 0.000000000000000000e+00 4.724244086413651758e+02
8.769360294281281085e+02 0.000000000000000000e+00 4.130287240325373546e+02
7.787655714341312887e+02 0.000000000000000000e+00 3.667913502193161435e+02
7.575263686629749600e+02 0.000000000000000000e+00 3.567878830043133007e+02
6.214394731721935159e+02 0.000000000000000000e+00 2.926922193345685059e+02
7.001512875203693511e+02 0.000000000000000000e+00 3.297647527412684099e+02
1.080604047204261406e+03 0.000000000000000000e+00 5.089544685400011872e+02
1.875961556683324716e+03 0.000000000000000000e+00 8.835604674565480536e+02
2.010159540330025948e+03 0.000000000000000000e+00 9.467664711937670745e+02
9.033767546054526747e+02 0.000000000000000000e+00 4.307595895319317378e+02
6.492716648923899356e+02 0.000000000000000000e+00 3.095939699997143748e+02
6.797828414418135026e+02 0.000000000000000000e+00 3.281320992198533872e+02
7.540877798076112413e+02 0.000000000000000000e+00 3.639991937123494949e+02
8.463119914315484493e+02 0.000000000000000000e+00 4.085159457016666238e+02
8.212301323510356497e+02 0.000000000000000000e+00 3.964088983172856047e+02
7.770069138228348038e+02 0.000000000000000000e+00 3.705023154021470191e+02
8.482512062792990264e+02 0.000000000000000000e+00 4.044739247208335655e+02
1.000778866659527125e+03 0.000000000000000000e+00 4.772041029578732036e+02
1.275037759937143846e+03 0.000000000000000000e+00 6.079797153382750139e+02
2.334958771288846947e+03 0.000000000000000000e+00 1.127087764659914683e+03
1.398406784123072975e+04 0.000000000000000000e+00 6.832574832450983195e+03
1.398406784123072975e+04 0.000000000000000000e+00 6.832574832450983195e+03
2.796842432235521119e+04 0.000000000000000000e+00 1.366529069351367434e+04
2.796842432235521119e+04 0.000000000000000000e+00 1.366529069351367434e+04
2.803329699837154112e+04 0.000000000000000000e+00 1.353171046891837432e+04
1.401650384448921068e+04 0.000000000000000000e+00 6.765785409441034972e+03
1.401650384448921068e+04 0.000000000000000000e+00 6.765785409441034972e+03
9.344175168000856502e+03 0.000000000000000000e+00 4.510446022513490789e+03
7.007962609865721788e+03 0.000000000000000000e+00 3.382753053242977785e+03
7.007962609865721788e+03 0.000000000000000000e+00 3.382753053242977785e+03
5.606196497957149404e+03 0.000000000000000000e+00 2.706118650497196086e+03
4.682358100083642057e+03 0.000000000000000000e+00 2.232701520103261828e+03
4.013270283523844228e+03 0.000000000000000000e+00 1.913658560725817551e+03
4.013270283523844228e+03 0.000000000000000000e+00 1.913658560725817551e+03
3.511430251923052310e+03 0.000000000000000000e+00 1.674364816536593025e+03
7.024020452934380955e+03 0.000000000000000000e+00 3.349282734744882873e+03
9.365586141033529202e+03 0.000000000000000000e+00 4.465817856470668630e+03
2.553266532648021439e+03 0.000000000000000000e+00 1.217481009957395145e+03
1.559239136534807130e+03 0.000000000000000000e+00 7.434962290226314963e+02
1.219412091967067909e+03 0.000000000000000000e+00 5.814555771201131620e+02
1.168413823951223321e+03 0.000000000000000000e+00 5.571379345802196212e+02
1.168413823951223321e+03 0.000000000000000000e+00 5.571379345802196212e+02
1.168413823951223321e+03 0.000000000000000000e+00 5.571379345802196212e+02
1.219412091967067909e+03 0.000000000000000000e+00 5.814555771201131620e+02
1.219412091967067909e+03 0.000000000000000000e+00 5.814555771201131620e+02
1.402947742832183394e+03 0.000000000000000000e+00 6.689713796112479258e+02
2.005620071065852244e+03 0.000000000000000000e+00 9.563452614481471983e+02
4.682358100083642057e+03 0.000000000000000000e+00 2.232701520103261828e+03
5.619042374653113256e+03 0.000000000000000000e+00 2.679343224771412224e+03
4.013270283523844228e+03 0.000000000000000000e+00 1.913658560725817551e+03
4.013270283523844228e+03 0.000000000000000000e+00 1.913658560725817551e+03
4.682358100083642057e+03 0.000000000000000000e+00 2.232701520103261828e+03
4.682358100083642057e+03 0.000000000000000000e+00 2.232701520103261828e+03
4.682358100083642057e+03 0.000000000000000000e+00 2.232701520103261828e+03
4.682358100083642057e+03 0.000000000000000000e+00 2.232701520103261828e+03
4.682358100083642057e+03 0.000000000000000000e+00 2.232701520103261828e+03
5.619042374653113256e+03 0.000000000000000000e+00 2.679343224771412224e+03
5.619042374653113256e+03 0.000000000000000000e+00 2.679343224771412224e+03
4.013270283523844228e+03 0.000000000000000000e+00 1.913658560725817551e+03
4.013270283523844228e+03 0.000000000000000000e+00 1.913658560725817551e+03
4.013270283523844228e+03 0.000000000000000000e+00 1.913658560725817551e+03
4.013270283523844228e+03 0.000000000000000000e+00 1.913658560725817551e+03
4.013270283523844228e+03 0.000000000000000000e+00 1.913658560725817551e+03
4.013270283523844228e+03 0.000000000000000000e+00 1.913658560725817551e+03
4.013270283523844228e+03 0.000000000000000000e+00 1.913658560725817551e+03
4.013270283523844228e+03 0.000000000000000000e+00 1.913658560725817551e+03
4.013270283523844228e+03 0.000000000000000000e+00 1.913658560725817551e+03
4.013270283523844228e+03 0.000000000000000000e+00 1.913658560725817551e+03
4.682358100083642057e+03 0.000000000000000000e+00 2.232701520103261828e+03
4.682358100083642057e+03 0.000000000000000000e+00 2.232701520103261828e+03
4.682358100083642057e+03 0.000000000000000000e+00 2.232701520103261828e+03
5.619042374653113256e+03 0.000000000000000000e+00 2.679343224771412224e+03
5.619042374653113256e+03 0.000000000000000000e+00 2.679343224771412224e+03
5.619042374653113256e+03 0.000000000000000000e+00 2.679343224771412224e+03
5.619042374653113256e+03 0.000000000000000000e+00 2.679343224771412224e+03
5.619042374653113256e+03 0.000000000000000000e+00 2.679343224771412224e+03
5.619042374653113256e+03 0.000000000000000000e+00 2.679343224771412224e+03
5.619042374653113256e+03 0.000000000000000000e+00 2.679343224771412224e+03
5.619042374653113256e+03 0.000000000000000000e+00 2.679343224771412224e+03
5.619042374653113256e+03 0.000000000000000000e+00 2.679343224771412224e+03
5.619042374653113256e+03 0.000000000000000000e+00 2.679343224771412224e+03
4.682358100083642057e+03 0.000000000000000000e+00 2.232701520103261828e+03
4.682358100083642057e+03 0.000000000000000000e+00 2.232701520103261828e+03
4.682358100083642057e+03 0.000000000000000000e+00 2.232701520103261828e+03
4.682358100083642057e+03 0.000000000000000000e+00 2.232701520103261828e+03
4.682358100083642057e+03 0.000000000000000000e+00 2.232701520103261828e+03
4.682358100083642057e+03 0.000000000000000000e+00 2.232701520103261828e+03
4.682358100083642057e+03 0.000000000000000000e+00 2.232701520103261828e+03
4.682358100083642057e+03 0.000000000000000000e+00 2.232701520103261828e+03
4.682358100083642057e+03 0.000000000000000000e+00 2.232701520103261828e+03
4.682358100083642057e+03 0.000000000000000000e+00 2.232701520103261828e+03
4.682358100083642057e+03 0.000000000000000000e+00 2.232701520103261828e+03
4.682358100083642057e+03 0.000000000000000000e+00 2.232701520103261828e+03
4.682358100083642057e+03 0.000000000000000000e+00 2.232701520103261828e+03
4.682358100083642057e+03 0.000000000000000000e+00 2.232701520103261828e+03
4.682358100083642057e+03 0.000000000000000000e+00 2.232701520103261828e+03
4.682358100083642057e+03 0.000000000000000000e+00 2.232701520103261828e+03
4.682358100083642057e+03 0.000000000000000000e+00 2.232701520103261828e+03
4.682358100083642057e+03 0.000000000000000000e+00 2.232701520103261828e+03
4.682358100083642057e+03 0.000000000000000000e+00 2.232701520103261828e+03
4.682358100083642057e+03 0.000000000000000000e+00 2.232701520103261828e+03
4.682358100083642057e+03 0.000000000000000000e+00 2.232701520103261828e+03
4.682358100083642057e+03 0.000000000000000000e+00 2.232701520103261828e+03
4.682358100083642057e+03 0.000000000000000000e+00 2.232701520103261828e+03
4.682358100083642057e+03 0.000000000000000000e+00 2.232701520103261828e+03
4.682358100083642057e+03 0.000000000000000000e+00 2.232701520103261828e+03
4.682358100083642057e+03 0.000000000000000000e+00 2.232701520103261828e+03
4.682358100083642057e+03 0.000000000000000000e+00 2.232701520103261828e+03
4.682358100083642057e+03 0.000000000000000000e+00 2.232701520103261828e+03
4.682358100083642057e+03 0.000000000000000000e+00 2.232701520103261828e+03
4.682358100083642057e+03 0.000000000000000000e+00 2.232701520103261828e+03
4.682358100083642057e+03 0.000000000000000000e+00 2.232701520103261828e+03
4.682358100083642057e+03 0.000000000000000000e+00 2.232701520103261828e+03
4.682358100083642057e+03 0.000000000000000000e+00 2.232701520103261828e+03
4.682358100083642057e+03 0.000000000000000000e+00 2.232701520103261828e+03
4.682358100083642057e+03 0.000000000000000000e+00 2.232701520103261828e+03
4.013270283523844228e+03 0.000000000000000000e+00 1.913658560725817551e+03
4.013270283523844228e+03 0.000000000000000000e+00 1.913658560725817551e+03
4.013270283523844228e+03 0.000000000000000000e+00 1.913658560725817551e+03
4.013270283523844228e+03 0.000000000000000000e+00 1.913658560725817551e+03
4.013270283523844228e+03 0.000000000000000000e+00 1.913658560725817551e+03
4.013270283523844228e+03 0.000000000000000000e+00 1.913658560725817551e+03
4.013270283523844228e+03 0.000000000000000000e+00 1.913658560725817551e+03
4.013270283523844228e+03 0.000000000000000000e+00 1.913658560725817551e+03
4.013270283523844228e+03 0.000000000000000000e+00 1.913658560725817551e+03
4.013270283523844228e+03 0.000000000000000000e+00 1.913658560725817551e+03
4.013270283523844228e+03 0.000000000000000000e+00 1.913658560725817551e+03
4.013270283523844228e+03 0.000000000000000000e+00 1.913658560725817551e+03
4.013270283523844228e+03 0.000000000000000000e+00 1.913658560725817551e+03
4.682358100083642057e+03 0.000000000000000000e+00 2.232701520103261828e+03
4.682358100083642057e+03 0.000000000000000000e+00 2.232701520103261828e+03
4.682358100083642057e+03 0.000000000000000000e+00 2.232701520103261828e+03
4.682358100083642057e+03 0.000000000000000000e+00 2.232701520103261828e+03
4.682358100083642057e+03 0.000000000000000000e+00 2.232701520103261828e+03
4.682358100083642057e+03 0.000000000000000000e+00 2.232701520103261828e+03
4.682358100083642057e+03 0.000000000000000000e+00 2.232701520103261828e+03
4.682358100083642057e+03 0.000000000000000000e+00 2.232701520103261828e+03
4.682358100083642057e+03 0.000000000000000000e+00 2.232701520103261828e+03
4.682358100083642057e+03 0.000000000000000000e+00 2.232701520103261828e+03
4.682358100083642057e+03 0.000000000000000000e+00 2.232701520103261828e+03
4.682358100083642057e+03 0.000000000000000000e+00 2.232701520103261828e+03
4.682358100083642057e+03 0.000000000000000000e+00 2.232701520103261828e+03
4.682358100083642057e+03 0.000000000000000000e+00 2.232701520103261828e+03
4.682358100083642057e+03 0.000000000000000000e+00 2.232701520103261828e+03
4.682358100083642057e+03 0.000000000000000000e+00 2.232701520103261828e+03
4.682358100083642057e+03 0.000000000000000000e+00 2.232701520103261828e+03
4.682358100083642057e+03 0.000000000000000000e+00 2.232701520103261828e+03
4.682358100083642057e+03 0.000000000000000000e+00 2.232701520103261828e+03
4.682358100083642057e+03 0.000000000000000000e+00 2.232701520103261828e+03
4.013270283523844228e+03 0.000000000000000000e+00 1.913658560725817551e+03
4.013270283523844228e+03 0.000000000000000000e+00 1.913658560725817551e+03
9.365586141033529202e+03 0.000000000000000000e+00 4.465817856470668630e+03
9.365586141033529202e+03 0.000000000000000000e+00 4.465817856470668630e+03
3.511430251923052310e+03 0.000000000000000000e+00 1.674364816536593025e+03
2.160099337866355199e+03 0.000000000000000000e+00 1.030006029470942849e+03
1.559239136534807130e+03 0.000000000000000000e+00 7.434962290226314963e+02
1.219412091967067909e+03 0.000000000000000000e+00 5.814555771201131620e+02
1.000778866659527125e+03 0.000000000000000000e+00 4.772041029578732036e+02
8.482512062792990264e+02 0.000000000000000000e+00 4.044739247208335655e+02
7.558156747611457149e+02 0.000000000000000000e+00 3.603976393704142538e+02
6.813404762061989004e+02 0.000000000000000000e+00 3.248854283285779729e+02
6.813404762061989004e+02 0.000000000000000000e+00 3.248854283285779729e+02
7.558156747611457149e+02 0.000000000000000000e+00 3.603976393704142538e+02
8.231118753514881519e+02 0.000000000000000000e+00 3.924866693300295992e+02
9.336861011905569967e+02 0.000000000000000000e+00 4.452120775192751694e+02
1.078163758878579529e+03 0.000000000000000000e+00 5.141037511260512929e+02
1.338975646104797988e+03 0.000000000000000000e+00 6.306450916174069334e+02
1.875961556683324716e+03 0.000000000000000000e+00 8.835604674565480536e+02
2.815153554299876305e+03 0.000000000000000000e+00 1.325911174212321384e+03
7.039918441500120935e+03 0.000000000000000000e+00 3.315736192390338601e+03
1.404862085647058484e+04 0.000000000000000000e+00 6.698842008909134165e+03
4.682358100083642057e+03 0.000000000000000000e+00 2.232701520103261828e+03
4.682358100083642057e+03 0.000000000000000000e+00 2.232701520103261828e+03
4.682358100083642057e+03 0.000000000000000000e+00 2.232701520103261828e+03
4.682358100083642057e+03 0.000000000000000000e+00 2.232701520103261828e+03
4.682358100083642057e+03 0.000000000000000000e+00 2.232701520103261828e+03
4.013270283523844228e+03 0.000000000000000000e+00 1.913658560725817551e+03
4.022353817022387830e+03 0.000000000000000000e+00 1.894491284313599408e+03
4.013270283523844228e+03 0.000000000000000000e+00 1.913658560725817551e+03
3.511430251923052310e+03 0.000000000000000000e+00 1.674364816536593025e+03
3.511430251923052310e+03 0.000000000000000000e+00 1.674364816536593025e+03
3.511430251923052310e+03 0.000000000000000000e+00 1.674364816536593025e+03
3.121088742297870795e+03 0.000000000000000000e+00 1.488237215171807293e+03
3.121088742297870795e+03 0.000000000000000000e+00 1.488237215171807293e+03
3.121088742297870795e+03 0.000000000000000000e+00 1.488237215171807293e+03
2.808796196698511267e+03 0.000000000000000000e+00 1.339325913137015732e+03
2.808796196698511267e+03 0.000000000000000000e+00 1.339325913137015732e+03
2.808796196698511267e+03 0.000000000000000000e+00 1.339325913137015732e+03
2.808796196698511267e+03 0.000000000000000000e+00 1.339325913137015732e+03
2.808796196698511267e+03 0.000000000000000000e+00 1.339325913137015732e+03
2.808796196698511267e+03 0.000000000000000000e+00 1.339325913137015732e+03
2.802374915775334102e+03 0.000000000000000000e+00 1.352710171330691992e+03
2.802374915775334102e+03 0.000000000000000000e+00 1.352710171330691992e+03
2.808796196698511267e+03 0.000000000000000000e+00 1.339325913137015732e+03
2.808796196698511267e+03 0.000000000000000000e+00 1.339325913137015732e+03
3.121088742297870795e+03 0.000000000000000000e+00 1.488237215171807293e+03
2.808796196698511267e+03 0.000000000000000000e+00 1.339325913137015732e+03
2.808796196698511267e+03 0.000000000000000000e+00 1.339325913137015732e+03
2.808796196698511267e+03 0.000000000000000000e+00 1.339325913137015732e+03
2.808796196698511267e+03 0.000000000000000000e+00 1.339325913137015732e+03
2.808796196698511267e+03 0.000000000000000000e+00 1.339325913137015732e+03
2.808796196698511267e+03 0.000000000000000000e+00 1.339325913137015732e+03
2.808796196698511267e+03 0.000000000000000000e+00 1.339325913137015732e+03
2.808796196698511267e+03 0.000000000000000000e+00 1.339325913137015732e+03
2.808796196698511267e+03 0.000000000000000000e+00 1.339325913137015732e+03
2.808796196698511267e+03 0.000000000000000000e+00 1.339325913137015732e+03
2.553266532648021439e+03 0.000000000000000000e+00 1.217481009957395145e+03
2.553266532648021439e+03 0.000000000000000000e+00 1.217481009957395145e+03
2.553266532648021439e+03 0.000000000000000000e+00 1.217481009957395145e+03
2.340309028361903074e+03 0.000000000000000000e+00 1.115935905252883003e+03
2.340309028361903074e+03 0.000000000000000000e+00 1.115935905252883003e+03
2.340309028361903074e+03 0.000000000000000000e+00 1.115935905252883003e+03
2.340309028361903074e+03 0.000000000000000000e+00 1.115935905252883003e+03
2.340309028361903074e+03 0.000000000000000000e+00 1.115935905252883003e+03
2.340309028361903074e+03 0.000000000000000000e+00 1.115935905252883003e+03
2.340309028361903074e+03 0.000000000000000000e+00 1.115935905252883003e+03
2.340309028361903074e+03 0.000000000000000000e+00 1.115935905252883003e+03
2.340309028361903074e+03 0.000000000000000000e+00 1.115935905252883003e+03
2.553266532648021439e+03 0.000000000000000000e+00 1.217481009957395145e+03
2.553266532648021439e+03 0.000000000000000000e+00 1.217481009957395145e+03
2.553266532648021439e+03 0.000000000000000000e+00 1.217481009957395145e+03
2.553266532648021439e+03 0.000000000000000000e+00 1.217481009957395145e+03
2.553266532648021439e+03 0.000000000000000000e+00 1.217481009957395145e+03
2.553266532648021439e+03 0.000000000000000000e+00 1.217481009957395145e+03
2.553266532648021439e+03 0.000000000000000000e+00 1.217481009957395145e+03
2.553266532648021439e+03 0.000000000000000000e+00 1.217481009957395145e+03
2.553266532648021439e+03 0.000000000000000000e+00 1.217481009957395145e+03
2.553266532648021439e+03 0.000000000000000000e+00 1.217481009957395145e+03
2.160099337866355199e+03 0.000000000000000000e+00 1.030006029470942849e+03
2.160099337866355199e+03 0.000000000000000000e+00 1.030006029470942849e+03
2.160099337866355199e+03 0.000000000000000000e+00 1.030006029470942849e+03
2.160099337866355199e+03 0.000000000000000000e+00 1.030006029470942849e+03
2.005620071065852244e+03 0.000000000000000000e+00 9.563452614481471983e+02
2.005620071065852244e+03 0.000000000000000000e+00 9.563452614481471983e+02
2.005620071065852244e+03 0.000000000000000000e+00 9.563452614481471983e+02
1.871725141783671006e+03 0.000000000000000000e+00 8.924997789471174201e+02
1.871725141783671006e+03 0.000000000000000000e+00 8.924997789471174201e+02
1.871725141783671006e+03 0.000000000000000000e+00 8.924997789471174201e+02
1.871725141783671006e+03 0.000000000000000000e+00 8.924997789471174201e+02
1.871725141783671006e+03 0.000000000000000000e+00 8.924997789471174201e+02
1.871725141783671006e+03 0.000000000000000000e+00 8.924997789471174201e+02
1.871725141783671006e+03 0.000000000000000000e+00 8.924997789471174201e+02
1.758526200246092685e+03 0.000000000000000000e+00 8.282495054275310622e+02
1.758526200246092685e+03 0.000000000000000000e+00 8.282495054275310622e+02
1.758526200246092685e+03 0.000000000000000000e+00 8.282495054275310622e+02
1.758526200246092685e+03 0.000000000000000000e+00 8.282495054275310622e+02
1.758526200246092685e+03 0.000000000000000000e+00 8.282495054275310622e+02
1.654895358874086924e+03 0.000000000000000000e+00 7.794403417645778518e+02
1.651158169628003861e+03 0.000000000000000000e+00 7.873262310273770481e+02
1.651158169628003861e+03 0.000000000000000000e+00 7.873262310273770481e+02
1.651158169628003861e+03 0.000000000000000000e+00 7.873262310273770481e+02
1.651158169628003861e+03 0.000000000000000000e+00 7.873262310273770481e+02
1.559239136534807130e+03 0.000000000000000000e+00 7.434962290226314963e+02
1.651158169628003861e+03 0.000000000000000000e+00 7.873262310273770481e+02
1.651158169628003861e+03 0.000000000000000000e+00 7.873262310273770481e+02
1.651158169628003861e+03 0.000000000000000000e+00 7.873262310273770481e+02
1.651158169628003861e+03 0.000000000000000000e+00 7.873262310273770481e+02
1.651158169628003861e+03 0.000000000000000000e+00 7.873262310273770481e+02
1.647383402890480284e+03 0.000000000000000000e+00 7.951942021129527802e+02
1.647383402890480284e+03 0.000000000000000000e+00 7.951942021129527802e+02
1.647383402890480284e+03 0.000000000000000000e+00 7.951942021129527802e+02
1.651158169628003861e+03 0.000000000000000000e+00 7.873262310273770481e+02
1.651158169628003861e+03 0.000000000000000000e+00 7.873262310273770481e+02
1.651158169628003861e+03 0.000000000000000000e+00 7.873262310273770481e+02
1.654895358874086924e+03 0.000000000000000000e+00 7.794403417645778518e+02
1.654895358874086924e+03 0.000000000000000000e+00 7.794403417645778518e+02
1.562768278588134763e+03 0.000000000000000000e+00 7.360493427151214973e+02
1.562768278588134763e+03 0.000000000000000000e+00 7.360493427151214973e+02
1.559239136534807130e+03 0.000000000000000000e+00 7.434962290226314963e+02
1.559239136534807130e+03 0.000000000000000000e+00 7.434962290226314963e+02
1.559239136534807130e+03 0.000000000000000000e+00 7.434962290226314963e+02
1.559239136534807130e+03 0.000000000000000000e+00 7.434962290226314963e+02
1.559239136534807130e+03 0.000000000000000000e+00 7.434962290226314963e+02
1.476985603077604083e+03 0.000000000000000000e+00 7.042750534400802280e+02
1.476985603077604083e+03 0.000000000000000000e+00 7.042750534400802280e+02
1.476985603077604083e+03 0.000000000000000000e+00 7.042750534400802280e+02
1.476985603077604083e+03 0.000000000000000000e+00 7.042750534400802280e+02
1.476985603077604083e+03 0.000000000000000000e+00 7.042750534400802280e+02
1.476985603077604083e+03 0.000000000000000000e+00 7.042750534400802280e+02
1.476985603077604083e+03 0.000000000000000000e+00 7.042750534400802280e+02
1.402947742832183394e+03 0.000000000000000000e+00 6.689713796112479258e+02
1.402947742832183394e+03 0.000000000000000000e+00 6.689713796112479258e+02
1.402947742832183394e+03 0.000000000000000000e+00 6.689713796112479258e+02
1.335951886712062560e+03 0.000000000000000000e+00 6.370255637204596724e+02
1.335951886712062560e+03 0.000000000000000000e+00 6.370255637204596724e+02
1.335951886712062560e+03 0.000000000000000000e+00 6.370255637204596724e+02
1.275037759937143846e+03 0.000000000000000000e+00 6.079797153382750139e+02
1.275037759937143846e+03 0.000000000000000000e+00 6.079797153382750139e+02
1.275037759937143846e+03 0.000000000000000000e+00 6.079797153382750139e+02
1.275037759937143846e+03 0.000000000000000000e+00 6.079797153382750139e+02
1.275037759937143846e+03 0.000000000000000000e+00 6.079797153382750139e+02
1.277923647850510861e+03 0.000000000000000000e+00 6.018901675495145582e+02
1.277923647850510861e+03 0.000000000000000000e+00 6.018901675495145582e+02
1.277923647850510861e+03 0.000000000000000000e+00 6.018901675495145582e+02
1.222172078163707965e+03 0.000000000000000000e+00 5.756316961014115350e+02
1.222172078163707965e+03 0.000000000000000000e+00 5.756316961014115350e+02
1.171058381970052778e+03 0.000000000000000000e+00 5.515576199875364409e+02
1.171058381970052778e+03 0.000000000000000000e+00 5.515576199875364409e+02
1.124026012942617854e+03 0.000000000000000000e+00 5.294058110576457921e+02
1.078163758878579529e+03 0.000000000000000000e+00 5.141037511260512929e+02
1.124026012942617854e+03 0.000000000000000000e+00 5.294058110576457921e+02
1.124026012942617854e+03 0.000000000000000000e+00 5.294058110576457921e+02
1.003044003995842900e+03 0.000000000000000000e+00 4.724244086413651758e+02
9.054214344880791714e+02 0.000000000000000000e+00 4.264450852158428233e+02
8.501711164032323040e+02 0.000000000000000000e+00 4.004226986161525019e+02
8.249748857556214716e+02 0.000000000000000000e+00 3.885555080280332163e+02
7.787655714341312887e+02 0.000000000000000000e+00 3.667913502193161435e+02
7.199063071179066355e+02 0.000000000000000000e+00 3.348823460527830207e+02
6.371808302917878564e+02 0.000000000000000000e+00 2.964005304554534632e+02
7.183005427267398773e+02 0.000000000000000000e+00 3.383128833556719997e+02
6.797828414418135026e+02 0.000000000000000000e+00 3.281320992198533872e+02
7.340526609442238168e+02 0.000000000000000000e+00 3.543282146731921216e+02
8.709352805130066599e+02 0.000000000000000000e+00 4.255364423205691651e+02
8.423758245355771805e+02 0.000000000000000000e+00 4.165720045458730283e+02
7.716250031312546298e+02 0.000000000000000000e+00 3.815842821573360197e+02
6.766211956846660769e+02 0.000000000000000000e+00 3.346029641341903584e+02
6.462882799675060141e+02 0.000000000000000000e+00 3.157745719163632998e+02
6.462882799675060141e+02 0.000000000000000000e+00 3.157745719163632998e+02
6.328737255798475871e+02 0.000000000000000000e+00 3.054890053934674938e+02
6.186186144732355388e+02 0.000000000000000000e+00 2.986080439350938036e+02
6.063652942499327310e+02 0.000000000000000000e+00 2.891348088446081874e+02
6.063652942499327310e+02 0.000000000000000000e+00 2.891348088446081874e+02
5.946148732747433314e+02 0.000000000000000000e+00 2.800580819556398637e+02
5.820347325960652825e+02 0.000000000000000000e+00 2.741329525524693622e+02
5.833358740994214031e+02 0.000000000000000000e+00 2.713532082212620367e+02
5.820347325960652825e+02 0.000000000000000000e+00 2.741329525524693622e+02
5.820347325960652825e+02 0.000000000000000000e+00 2.741329525524693622e+02
5.583723302416500474e+02 0.000000000000000000e+00 2.629881808427677470e+02
5.583723302416500474e+02 0.000000000000000000e+00 2.629881808427677470e+02
5.484546634174710107e+02 0.000000000000000000e+00 2.551273444514370112e+02
5.365150538999293985e+02 0.000000000000000000e+00 2.526936067172929654e+02
5.377144359379925618e+02 0.000000000000000000e+00 2.501312601833778899e+02
5.496655198571119172e+02 0.000000000000000000e+00 2.525080117371020094e+02
5.508638668644358631e+02 0.000000000000000000e+00 2.498829323790934041e+02
5.508638668644358631e+02 0.000000000000000000e+00 2.498829323790934041e+02
5.493595063043184723e+01 0.000000000000000000e+00 2.492005241640523039e+01
5.493595063043184723e+01 0.000000000000000000e+00 2.492005241640523039e+01
5.493595063043184723e+01 0.000000000000000000e+00 2.492005241640523039e+01
5.493595063043184723e+01 0.000000000000000000e+00 2.492005241640523039e+01
5.493595063043184723e+01 0.000000000000000000e+00 2.492005241640523039e+01
5.493595063043184723e+01 0.000000000000000000e+00 2.492005241640523039e+01
5.493595063043184723e+01 0.000000000000000000e+00 2.492005241640523039e+01
5.493595063043184723e+01 0.000000000000000000e+00 2.492005241640523039e+01
5.493595063043184723e+01 0.000000000000000000e+00 2.492005241640523039e+01
5.493595063043184723e+01 0.000000000000000000e+00 2.492005241640523039e+01
5.493595063043184723e+01 0.000000000000000000e+00 2.492005241640523039e+01
5.493595063043184723e+01 0.000000000000000000e+00 2.492005241640523039e+01
5.493595063043184723e+01 0.000000000000000000e+00 2.492005241640523039e+01
5.493595063043184723e+01 0.000000000000000000e+00 2.492005241640523039e+01
5.493595063043184723e+01 0.000000000000000000e+00 2.492005241640523039e+01
5.493595063043184723e+01 0.000000000000000000e+00 2.492005241640523039e+01
5.493595063043184723e+01 0.000000000000000000e+00 2.492005241640523039e+01
5.493595063043184723e+01 0.000000000000000000e+00 2.492005241640523039e+01
5.493595063043184723e+01 0.000000000000000000e+00 2.492005241640523039e+01
5.493595063043184723e+01 0.000000000000000000e+00 2.492005241640523039e+01
5.493595063043184723e+01 0.000000000000000000e+00 2.492005241640523039e+01
5.493595063043184723e+01 0.000000000000000000e+00 2.492005241640523039e+01
5.493595063043184723e+01 0.000000000000000000e+00 2.492005241640523039e+01
5.493595063043184723e+01 0.000000000000000000e+00 2.492005241640523039e+01
5.493595063043184723e+01 0.000000000000000000e+00 2.492005241640523039e+01
5.493595063043184723e+01 0.000000000000000000e+00 2.492005241640523039e+01
5.493595063043184723e+01 0.000000000000000000e+00 2.492005241640523039e+01
5.493595063043184723e+01 0.000000000000000000e+00 2.492005241640523039e+01
5.493595063043184723e+01 0.000000000000000000e+00 2.492005241640523039e+01
5.493595063043184723e+01 0.000000000000000000e+00 2.492005241640523039e+01
5.493595063043184723e+01 0.000000000000000000e+00 2.492005241640523039e+01
5.493595063043184723e+01 0.000000000000000000e+00 2.492005241640523039e+01
5.493595063043184723e+01 0.000000000000000000e+00 2.492005241640523039e+01
5.493595063043184723e+01 0.000000000000000000e+00 2.492005241640523039e+01
5.493595063043184723e+01 0.000000000000000000e+00 2.492005241640523039e+01
5.493595063043184723e+01 0.000000000000000000e+00 2.492005241640523039e+01
5.493595063043184723e+01 0.000000000000000000e+00 2.492005241640523039e+01
5.493595063043184723e+01 0.000000000000000000e+00 2.492005241640523039e+01
5.493595063043184723e+01 0.000000000000000000e+00 2.492005241640523039e+01
5.493595063043184723e+01 0.000000000000000000e+00 2.492005241640523039e+01
5.493595063043184723e+01 0.000000000000000000e+00 2.492005241640523039e+01
5.493595063043184723e+01 0.000000000000000000e+00 2.492005241640523039e+01
5.493595063043184723e+01 0.000000000000000000e+00 2.492005241640523039e+01
5.493595063043184723e+01 0.000000000000000000e+00 2.492005241640523039e+01
5.493595063043184723e+01 0.000000000000000000e+00 2.492005241640523039e+01
5.493595063043184723e+01 0.000000000000000000e+00 2.492005241640523039e+01
5.493595063043184723e+01 0.000000000000000000e+00 2.492005241640523039e+01
5.493595063043184723e+01 0.000000000000000000e+00 2.492005241640523039e+01
5.493595063043184723e+01 0.000000000000000000e+00 2.492005241640523039e+01
5.493595063043184723e+01 0.000000000000000000e+00 2.492005241640523039e+01
5.493595063043184723e+01 0.000000000000000000e+00 2.492005241640523039e+01
5.493595063043184723e+01 0.000000000000000000e+00 2.492005241640523039e+01
5.493595063043184723e+01 0.000000000000000000e+00 2.492005241640523039e+01
5.493595063043184723e+01 0.000000000000000000e+00 2.492005241640523039e+01
5.493595063043184723e+01 0.000000000000000000e+00 2.492005241640523039e+01
5.493595063043184723e+01 0.000000000000000000e+00 2.492005241640523039e+01
5.493595063043184723e+01 0.000000000000000000e+00 2.492005241640523039e+01
5.493595063043184723e+01 0.000000000000000000e+00 2.492005241640523039e+01
5.493595063043184723e+01 0.000000000000000000e+00 2.492005241640523039e+01
5.493595063043184723e+01 0.000000000000000000e+00 2.492005241640523039e+01
5.493595063043184723e+01 0.000000000000000000e+00 2.492005241640523039e+01
5.493595063043184723e+01 0.000000000000000000e+00 2.492005241640523039e+01
5.493595063043184723e+01 0.000000000000000000e+00 2.492005241640523039e+01
5.493595063043184723e+01 0.000000000000000000e+00 2.492005241640523039e+01
5.493595063043184723e+01 0.000000000000000000e+00 2.492005241640523039e+01
5.493595063043184723e+01 0.000000000000000000e+00 2.492005241640523039e+01
5.493595063043184723e+01 0.000000000000000000e+00 2.492005241640523039e+01
5.493595063043184723e+01 0.000000000000000000e+00 2.492005241640523039e+01
5.493595063043184723e+01 0.000000000000000000e+00 2.492005241640523039e+01
5.493595063043184723e+01 0.000000000000000000e+00 2.492005241640523039e+01
5.493595063043184723e+01 0.000000000000000000e+00 2.492005241640523039e+01
5.493595063043184723e+01 0.000000000000000000e+00 2.492005241640523039e+01
5.493595063043184723e+01 0.000000000000000000e+00 2.492005241640523039e+01
5.493595063043184723e+01 0.000000000000000000e+00 2.492005241640523039e+01
5.493595063043184723e+01 0.000000000000000000e+00 2.492005241640523039e+01
5.493595063043184723e+01 0.000000000000000000e+00 2.492005241640523039e+01
5.493595063043184723e+01 0.000000000000000000e+00 2.492005241640523039e+01
5.493595063043184723e+01 0.000000000000000000e+00 2.492005241640523039e+01
5.493595063043184723e+01 0.000000000000000000e+00 2.492005241640523039e+01
5.493595063043184723e+01 0.000000000000000000e+00 2.492005241640523039e+01
5.493595063043184723e+01 0.000000000000000000e+00 2.492005241640523039e+01
5.493595063043184723e+01 0.000000000000000000e+00 2.492005241640523039e+01
5.493595063043184723e+01 0.000000000000000000e+00 2.492005241640523039e+01
5.493595063043184723e+01 0.000000000000000000e+00 2.492005241640523039e+01
5.493595063043184723e+01 0.000000000000000000e+00 2.492005241640523039e+01
5.493595063043184723e+01 0.000000000000000000e+00 2.492005241640523039e+01
5.493595063043184723e+01 0.000000000000000000e+00 2.492005241640523039e+01
5.493595063043184723e+01 0.000000000000000000e+00 2.492005241640523039e+01
5.493595063043184723e+01 0.000000000000000000e+00 2.492005241640523039e+01
5.493595063043184723e+01 0.000000000000000000e+00 2.492005241640523039e+01
5.493595063043184723e+01 0.000000000000000000e+00 2.492005241640523039e+01
5.493595063043184723e+01 0.000000000000000000e+00 2.492005241640523039e+01
5.493595063043184723e+01 0.000000000000000000e+00 2.492005241640523039e+01
5.493595063043184723e+01 0.000000000000000000e+00 2.492005241640523039e+01
5.493595063043184723e+01 0.000000000000000000e+00 2.492005241640523039e+01
5.493595063043184723e+01 0.000000000000000000e+00 2.492005241640523039e+01
5.493595063043184723e+01 0.000000000000000000e+00 2.492005241640523039e+01
5.493595063043184723e+01 0.000000000000000000e+00 2.492005241640523039e+01
5.493595063043184723e+01 0.000000000000000000e+00 2.492005241640523039e+01
5.493595063043184723e+01 0.000000000000000000e+00 2.492005241640523039e+01
5.493595063043184723e+01 0.000000000000000000e+00 2.492005241640523039e+01
5.493595063043184723e+01 0.000000000000000000e+00 2.492005241640523039e+01
5.493595063043184723e+01 0.000000000000000000e+00 2.492005241640523039e+01
5.493595063043184723e+01 0.000000000000000000e+00 2.492005241640523039e+01
5.493595063043184723e+01 0.000000000000000000e+00 2.492005241640523039e+01
5.493595063043184723e+01 0.000000000000000000e+00 2.492005241640523039e+01
5.493595063043184723e+01 0.000000000000000000e+00 2.492005241640523039e+01
5.493595063043184723e+01 0.000000000000000000e+00 2.492005241640523039e+01
5.493595063043184723e+01 0.000000000000000000e+00 2.492005241640523039e+01
5.493595063043184723e+01 0.000000000000000000e+00 2.492005241640523039e+01
5.493595063043184723e+01 0.000000000000000000e+00 2.492005241640523039e+01
5.493595063043184723e+01 0.000000000000000000e+00 2.492005241640523039e+01
5.493595063043184723e+01 0.000000000000000000e+00 2.492005241640523039e+01
5.493595063043184723e+01 0.000000000000000000e+00 2.492005241640523039e+01
5.493595063043184723e+01 0.000000000000000000e+00 2.492005241640523039e+01
5.493595063043184723e+01 0.000000000000000000e+00 2.492005241640523039e+01
5.493595063043184723e+01 0.000000000000000000e+00 2.492005241640523039e+01
5.493595063043184723e+01 0.000000000000000000e+00 2.492005241640523039e+01
5.493595063043184723e+01 0.000000000000000000e+00 2.492005241640523039e+01
5.493595063043184723e+01 0.000000000000000000e+00 2.492005241640523039e+01
5.493595063043184723e+01 0.000000000000000000e+00 2.492005241640523039e+01
5.493595063043184723e+01 0.000000000000000000e+00 2.492005241640523039e+01
5.493595063043184723e+01 0.000000000000000000e+00 2.492005241640523039e+01
5.493595063043184723e+01 0.000000000000000000e+00 2.492005241640523039e+01
5.493595063043184723e+01 0.000000000000000000e+00 2.492005241640523039e+01
5.493595063043184723e+01 0.000000000000000000e+00 2.492005241640523039e+01
5.493595063043184723e+01 0.000000000000000000e+00 2.492005241640523039e+01
5.493595063043184723e+01 0.000000000000000000e+00 2.492005241640523039e+01
5.493595063043184723e+01 0.000000000000000000e+00 2.492005241640523039e+01
5.493595063043184723e+01 0.000000000000000000e+00 2.492005241640523039e+01
5.493595063043184723e+01 0.000000000000000000e+00 2.492005241640523039e+01
5.493595063043184723e+01 0.000000000000000000e+00 2.492005241640523039e+01
5.493595063043184723e+01 0.000000000000000000e+00 2.492005241640523039e+01
5.493595063043184723e+01 0.000000000000000000e+00 2.492005241640523039e+01
5.493595063043184723e+01 0.000000000000000000e+00 2.492005241640523039e+01
5.493595063043184723e+01 0.000000000000000000e+00 2.492005241640523039e+01
5.493595063043184723e+01 0.000000000000000000e+00 2.492005241640523039e+01
5.493595063043184723e+01 0.000000000000000000e+00 2.492005241640523039e+01
5.493595063043184723e+01 0.000000000000000000e+00 2.492005241640523039e+01
5.493595063043184723e+01 0.000000000000000000e+00 2.492005241640523039e+01
5.493595063043184723e+01 0.000000000000000000e+00 2.492005241640523039e+01
5.493595063043184723e+01 0.000000000000000000e+00 2.492005241640523039e+01
5.493595063043184723e+01 0.000000000000000000e+00 2.492005241640523039e+01
5.493595063043184723e+01 0.000000000000000000e+00 2.492005241640523039e+01
5.493595063043184723e+01 0.000000000000000000e+00 2.492005241640523039e+01
5.493595063043184723e+01 0.000000000000000000e+00 2.492005241640523039e+01
5.493595063043184723e+01 0.000000000000000000e+00 2.492005241640523039e+01
5.493595063043184723e+01 0.000000000000000000e+00 2.492005241640523039e+01
5.493595063043184723e+01 0.000000000000000000e+00 2.492005241640523039e+01
5.493595063043184723e+01 0.000000000000000000e+00 2.492005241640523039e+01
5.493595063043184723e+01 0.000000000000000000e+00 2.492005241640523039e+01
5.493595063043184723e+01 0.000000000000000000e+00 2.492005241640523039e+01
5.493595063043184723e+01 0.000000000000000000e+00 2.492005241640523039e+01
5.493595063043184723e+01 0.000000000000000000e+00 2.492005241640523039e+01
